URL: https://climate.metoffice.cloud/formatted_data/amoc_rapid_RAPID.csv
Status: 200
Typ: text/csv
Größe: 3347 Bytes

# Please cite original data from https://doi.org/10.5285/223b34a3-2dc5-c945-e063-7086abc0f274
Year,Month,RAPID (Sv),RAPID uncertainty
2004,4,17.64,
2004,5,16.36,
2004,6,11.94,
2004,7,20.38,
2004,8,21.68,
2004,9,24.99,
2004,10,19.83,
2004,11,19.83,
2004,12,18.75,
2005,1,19.05,
2005,2,11.62,
2005,3,12.27,
2005,4,16.09,
2005,5,18.48,
2005,6,21.97,
2005,7,22.03,
2005,8,21.67,
2005,9,19.24,
2005,10,19.48,
2005,11,24.66,
2005,12,19.64,
2006,1,19.06,
2006,2,17.84,
2006,3,11.45,
2006,4,17.25,
2006,5,16.
... (2847 Zeichen mehr) ...
48,
2014,5,14.45,
2014,6,17.64,
2014,7,17.89,
2014,8,15.62,
2014,9,16.67,
2014,10,18.88,
2014,11,20.30,
2014,12,16.52,
2015,1,16.51,
2015,2,14.80,
2015,3,21.62,
2015,4,16.90,
2015,5,15.06,
2015,6,18.15,
2015,7,16.02,
2015,8,18.54,
2015,9,16.22,
2015,10,18.70,
2015,11,23.60,
2015,12,18.90,
2016,1,12.98,
2016,2,17.78,
2016,3,14.97,
2016,4,13.35,
2016,5,15.19,
2016,6,14.54,
2016,7,17.66,
2016,8,20.12,
2016,9,20.13,
2016,10,19.15,
2016,11,20.61,
2016,12,18.28,
2017,1,15.56,
2017,2,16.71,
2017,3,18.34,
2017,4,11.48,
2017,5,15.98,
2017,6,16.74,
2017,7,18.60,
2017,8,17.22,
2017,9,15.49,
2017,10,19.01,
2017,11,20.27,
2017,12,20.37,
2018,1,24.07,
2018,2,21.06,
2018,3,8.35,
2018,4,15.81,
2018,5,20.71,
2018,6,17.08,
2018,7,19.11,
2018,8,19.42,
2018,9,18.17,
2018,10,21.05,
2018,11,21.18,
2018,12,15.66,
2019,1,14.88,
2019,2,17.34,
2019,3,14.97,
2019,4,13.79,
2019,5,14.15,
2019,6,14.46,
2019,7,14.99,
2019,8,17.73,
2019,9,17.05,
2019,10,14.63,
2019,11,19.04,
2019,12,17.66,
2020,1,17.27,
2020,2,17.39,
2020,3,19.64,
2020,4,14.83,
2020,5,15.32,
2020,6,16.24,
2020,7,19.52,
2020,8,16.25,
2020,9,16.82,
2020,10,17.65,
2020,11,22.52,
2020,12,17.32,
2021,1,10.41,
2021,2,13.72,
2021,3,15.47,
2021,4,13.58,
2021,5,15.81,
2021,6,21.41,
2021,7,17.40,
2021,8,16.37,
2021,9,17.21,
2021,10,17.68,
2021,11,16.19,
2021,12,15.89,
2022,1,10.27,
2022,2,15.56,
2022,3,16.73,
2022,4,12.73,
2022,5,13.49,
2022,6,16.04,
2022,7,20.29,
2022,8,17.31,
2022,9,15.53,
2022,10,15.59,
2022,11,18.03,
2022,12,11.10,
2023,1,16.06,

