URL: https://www.ncei.noaa.gov/access/monitoring/climate-at-a-glance/global/time-series/globe/ocean/tavg/1/0/1850-2026/data.csv
Status: 200
Typ: text/csv;charset=UTF-8
Größe: 26298 Bytes

# Title: "Global Ocean Average Temperature Departures"
# Units: Degrees Celsius
# Base Period: 1901-2000
Date,Departure from Average
185001,-0.07
185002,0.04
185003,-0.07
185004,-0.1
185005,-0.01
185006,0.07
185007,0.07
185008,-0.09
185009,-0.04
185010,0.14
185011,0.09
185012,-0.01
185101,0.01
185102,-0.05
185103,-0.01
185104,-0.14
185105,-0.04
185106,0.13
185107,0.15
185108,0.21
185109,0.06
185110,0.03
185111,0.23
185112,0.09
185201,-0.09
185202,-0.08
185203,0.04
185204,0.06
185205,0.08
185206,0.17
185207,0.1
185208,0.04
185209,0.15
185210,0.16
185211,0.13
185212,0.2
185301,0.05
185302,0.09
1
... (25698 Zeichen mehr) ...
201603,0.81
201604,0.75
201605,0.74
201606,0.75
201607,0.74
201608,0.74
201609,0.7
201610,0.67
201611,0.6
201612,0.62
201701,0.71
201702,0.75
201703,0.74
201704,0.74
201705,0.72
201706,0.71
201707,0.74
201708,0.76
201709,0.68
201710,0.66
201711,0.62
201712,0.58
201801,0.59
201802,0.59
201803,0.64
201804,0.67
201805,0.68
201806,0.65
201807,0.64
201808,0.66
201809,0.68
201810,0.72
201811,0.71
201812,0.74
201901,0.72
201902,0.73
201903,0.75
201904,0.73
201905,0.75
201906,0.8
201907,0.81
201908,0.81
201909,0.74
201910,0.77
201911,0.77
201912,0.79
202001,0.82
202002,0.79
202003,0.8
202004,0.81
202005,0.79
202006,0.77
202007,0.76
202008,0.76
202009,0.69
202010,0.64
202011,0.62
202012,0.55
202101,0.54
202102,0.55
202103,0.58
202104,0.6
202105,0.64
202106,0.68
202107,0.72
202108,0.69
202109,0.69
202110,0.66
202111,0.66
202112,0.61
202201,0.67
202202,0.65
202203,0.66
202204,0.64
202205,0.65
202206,0.72
202207,0.71
202208,0.73
202209,0.71
202210,0.68
202211,0.68
202212,0.69
202301,0.67
202302,0.69
202303,0.81
202304,0.87
202305,0.85
202306,0.93
202307,0.99
202308,1.02
202309,1.02
202310,1
202311,0.98
202312,0.98
202401,1.03
202402,1.03
202403,0.97
202404,1
202405,0.96
202406,0.95
202407,0.95
202408,0.95
202409,0.93
202410,0.92
202411,0.89
202412,0.84
202501,0.88
202502,0.86
202503,0.88
202504,0.84
202505,0.84
202506,0.83
202507,0.88
202508,0.87
202509,0.85
202510,0.79
202511,0.74
202512,0.77
202601,0.82
202602,0.87
202603,0.9
202604,0.95
202605,0.94
202606,0.99
202607,1.02
202608,1.08

