URL: https://coastwatch.pfeg.noaa.gov/erddap/griddap/nceiErsstv5.csv?ssta%5B(last-1):1:(last)%5D%5B(0.0)%5D%5B(44):1:(62)%5D%5B(300):1:(340)%5D
Status: 200
Typ: text/csv;charset=ISO-8859-1
Größe: 9705 Bytes

time,depth,latitude,longitude,ssta
UTC,m,degrees_north,degrees_east,degree_C
2026-08-15T00:00:00Z,0.0,44.0,300.0,1.8111763
2026-08-15T00:00:00Z,0.0,44.0,302.0,1.7677441
2026-08-15T00:00:00Z,0.0,44.0,304.0,1.7746925
2026-08-15T00:00:00Z,0.0,44.0,306.0,1.9857292
2026-08-15T00:00:00Z,0.0,44.0,308.0,2.2666378
2026-08-15T00:00:00Z,0.0,44.0,310.0,2.3438358
2026-08-15T00:00:00Z,0.0,44.0,312.0,2.07732
2026-08-15T00:00:00Z,0.0,44.0,314.0,1.5633411
2026-08-15T00:00:00Z,0.0,44.0,316.0,1.0743484
2026-08-15T00:00:00Z,0.0,44.0,318.0,0.76148033
2026-08-15T00:00:00Z,0.0,44.0,320.0,0.6309986
2026-08-15T00:00:00Z,0.0,44.0,322.0,0.6243019
2026-08-15T00:00:00Z,0.0,44.0,324.0,0.6177616
2026-08-15T00:00:00Z,0.0,44.0,326.0,0.624115
2026-08-15T00:00:00Z,0.0,44.0,328.0,0.660799
2026-08-15T00:00:00Z,0.0,44.0,330.0,0.73138046
2026-08-15T00:00:00Z,0.0,44.0,332.0,0.82657814
2026-08-15T00:00:00Z,0.0,44.0,334.0,0.924572
2026-08-15T00:00:00Z,0.0,44.0,336.0,1.0435715
2026-08-15T00:00:00Z,0.0,44.0,338.0,1.1798553
2026-08-15T00:00:00Z,0.0,44.0,340.0,1.3085842
2026-08-15T00:00:00Z,0.0,46.0,300.0,1.8332405
2026-08-15T00:00:00Z,0.0,46.0,302.0,1.8411694
2026-08-15T00:00:00Z,0.0,46.0,304.0,1.8678322
2026-08-15T00:00:00Z,0.0,46.0,306.0,1.9987469
2026-08-15T00:00:00Z,0.0,46.0,308.0,2.1721535
2026-08-15T00:00:00Z,0.0,46.0,310.0,2.2060928
2026-08-15T00:00:00Z,0.0,46.0,312.0,1.9625626
2026-08-15T00:00:00Z,0.0,46.0,314.0,1.5256147
2026-08-15T00:00:00Z,0.0,46.0,316.0,1.0587254
2026-08-15T00:00:00Z,0.0,46.0,318.0,0.7131233
2026-08-15T00:00:00Z,0.0,46.0,320.0,0.5369034
2026-08-15T00:00:00Z,0.0,46.0,322.0,0.5351982
2026-08-15T00:00:00Z,0.0,46.0,324.0,0.61642075
2026-08-15T00:00:00Z,0.0,46.0,326.0,0.709692
2026-08-15T00:00:00Z,0.0,46.0,328.0,0.77661514
2026-08-15T00:00:00Z,0.0,46.0,330.0,0.8176403
2026-08-15T00:00:00Z,0.0,46.0,332.0,0.8673153
2026-08-15T00:00:00Z,0.0,46.0,334.0,0.9447479
2026-08-15T00:00:00Z,0.0,46.0,336.0,1.0491161
2026-08-15T00:00:00Z,0.0,46.0,338.0,1.1592216
2026-08-15T00:00:00Z,0.0,46.0,340.0,1.2495975
2026-08-15T00:00:00Z,0.0,48.0,300.0,1.8472013
2026-08-15T00:00:00Z,0.0,48.0,302.0,2.018136
2026-08-15T00:00:00Z,0.0,48.0,304.0,2.1306877
2026-08-15T00:00:00Z,0.0,48.0,306.0,2.1810522
2026-08-15T00:00:00Z,0.0,48.0,308.0,2.158122
2026-08-15T00:00:00Z,0.0,48.0,310.0,2.0080366
2026-08-15T00:00:00Z,0.0,48.0,312.0,1.7148342
2026-08-15T00:00:00Z,0.0,48.0,314.0,1.2985239
2026-08-15T00:00:00Z,0.0,48.0,316.0,0.8900156
2026-08-15T00:00:00Z,0.0,48.0,318.0,0.59965706
2026-08-15T00:00:00Z,0.0,48.0,320.0,0.49122238
2026-08-15T00:00:00Z,0.0,48.0,322.0,0.5349045
2026-08-15T00:00:00Z,0.0,48.0,324.0,0.6796074
2026-08-15T00:00:00Z,0.0,48.0,326.0,0.81565285
2026-08-15T00:00:00Z,0.0,48.0,328.0,0.88184166
2026-08-15T00:00:00Z,0.0,48.0,330.0,0.8877716
2026-08-15T00:00:00Z,0.0,48.0,332.0,0.90273285
2026-08-15T00:00:00Z,0.0,48.0,334.0,0.9656143
2026-08-15T00:00:00Z,0.0,48.0,336.0,1.0529728
2026-08-15T00:00:00Z,0.0,48.0,338.0,1.1321983
2026-08-15T00:00:00Z,0.0,48.0,340.0,1.1869488
2026-08-15T00:00:00Z,0.0,50.0,300.0,1.9192238
2026-08-15T00:00:00Z,0.0,50.0,302.0,2.2278423
2026-08-15T00:00:00Z,0.0,50.0,304.0,2.3932095
2026-08-15T00:00:00Z,0.0,50.0,306.0,2.3820572
2026-08-15T00:00:00Z,0.0,50.0,308.0,2.2091599
2026-08-15T00:00:00Z,0.0,50.0,310.0,1.927804
2026-08-15T00:00:00Z,0.0,50.0,312.0,1.5512323
2026-08-15T00:00:00Z,0.0,50.0,314.0,1.1273346
2026-08-15T00:00:00Z,0.0,50.0,316.0,0.7602482
2026-08-15T00:00:00Z,0.0,50.0,318.0,0.567091
2026-08-15T00:00:00Z,0.0,50.0,320.0,0.5686941
2026-08-15T00:00:00Z,0.0,50.0,322.0,0.67768097
2026-08-15T00:00:00Z,0.0,50.0,324.0,0.8349705
2026-08-15T00:00:00Z,0.0,50.0,326.0,0.95301914
2026-08-15T00:00:00Z,0.0,50.0,328.0,0.9819517
2026-08-15T00:00:00Z,0.0,50.0,330.0,0.9543562
2026-08-15T00:00:00Z,0.0,50.0,332.0,0.9508858
2026-08-15T00:00:00Z,0.0,50.0,334.0,1.0005512
2026-08-15T00:00:00Z,0.0,50.0,336.0,1.0598316
2026-08-15T00:00:00Z,0.0,50.0,338.0,1.0989399
2026-08-15T00:00:00Z,0.0,50.0,340.0,1.119421
2026-08-15T00:00:00Z,0.0,52.0,300.0,NaN
2026-08-15T00:00:0
... (5705 Zeichen mehr) ...
8-15T00:00:00Z,0.0,60.0,318.0,1.9768591
2026-08-15T00:00:00Z,0.0,60.0,320.0,1.8179636
2026-08-15T00:00:00Z,0.0,60.0,322.0,1.7146378
2026-08-15T00:00:00Z,0.0,60.0,324.0,1.665967
2026-08-15T00:00:00Z,0.0,60.0,326.0,1.6062279
2026-08-15T00:00:00Z,0.0,60.0,328.0,1.4940948
2026-08-15T00:00:00Z,0.0,60.0,330.0,1.353816
2026-08-15T00:00:00Z,0.0,60.0,332.0,1.2076912
2026-08-15T00:00:00Z,0.0,60.0,334.0,1.0574417
2026-08-15T00:00:00Z,0.0,60.0,336.0,0.90776443
2026-08-15T00:00:00Z,0.0,60.0,338.0,0.7934065
2026-08-15T00:00:00Z,0.0,60.0,340.0,0.71791553
2026-08-15T00:00:00Z,0.0,62.0,300.0,2.4341483
2026-08-15T00:00:00Z,0.0,62.0,302.0,2.5611658
2026-08-15T00:00:00Z,0.0,62.0,304.0,2.5880919
2026-08-15T00:00:00Z,0.0,62.0,306.0,2.5578027
2026-08-15T00:00:00Z,0.0,62.0,308.0,2.5225592
2026-08-15T00:00:00Z,0.0,62.0,310.0,2.5001593
2026-08-15T00:00:00Z,0.0,62.0,312.0,2.4566011
2026-08-15T00:00:00Z,0.0,62.0,314.0,NaN
2026-08-15T00:00:00Z,0.0,62.0,316.0,NaN
2026-08-15T00:00:00Z,0.0,62.0,318.0,2.0551333
2026-08-15T00:00:00Z,0.0,62.0,320.0,1.9727077
2026-08-15T00:00:00Z,0.0,62.0,322.0,1.8839264
2026-08-15T00:00:00Z,0.0,62.0,324.0,1.8118038
2026-08-15T00:00:00Z,0.0,62.0,326.0,1.7112656
2026-08-15T00:00:00Z,0.0,62.0,328.0,1.5478487
2026-08-15T00:00:00Z,0.0,62.0,330.0,1.3619318
2026-08-15T00:00:00Z,0.0,62.0,332.0,1.2073174
2026-08-15T00:00:00Z,0.0,62.0,334.0,1.0820332
2026-08-15T00:00:00Z,0.0,62.0,336.0,0.9705982
2026-08-15T00:00:00Z,0.0,62.0,338.0,0.8809376
2026-08-15T00:00:00Z,0.0,62.0,340.0,0.8068714

