Seite: https://www.metoffice.gov.uk/hadobs/hadsst4/data/download.html
Links: ['data/HadSST.4.2.0.0_monthly_GLOBE.csv']
URL: https://www.metoffice.gov.uk/hadobs/hadsst4/data/data/HadSST.4.2.0.0_monthly_GLOBE.csv
Status: 200
Typ: text/csv
Größe: 172297 Bytes

year,month,anomaly,total_uncertainty,uncorrelated_uncertainty,correlated_uncertainty,bias_uncertainty,coverage_uncertainty,lower_bound_95pct_bias_uncertainty_range,upper_bound_95pct_bias_uncertainty_range
1850,1,-0.332884,0.137691,0.031029,0.096223,0.033972,0.087080,-0.403148,-0.281405
1850,2,-0.325419,0.136882,0.031764,0.091984,0.034442,0.089891,-0.396758,-0.273219
1850,3,-0.562042,0.147896,0.035444,0.097653,0.032843,0.100011,-0.630219,-0.512555
1850,4,-0.325199,0.134474,0.033697,0.099387,0.032
... (171797 Zeichen mehr) ...
,2,0.860254,0.032483,0.007807,0.022056,0.014268,0.017440,0.830566,0.881832
2025,3,0.853354,0.034751,0.007987,0.022447,0.013987,0.021079,0.824495,0.873118
2025,4,0.824824,0.033947,0.008387,0.022601,0.014124,0.019282,0.795192,0.843940
2025,5,0.846485,0.033614,0.008314,0.021401,0.013644,0.020410,0.814639,0.865908
2025,6,0.858507,0.032840,0.008392,0.020317,0.013428,0.020370,0.832021,0.879791
2025,7,0.937011,0.031120,0.008398,0.019961,0.013128,0.018086,0.910301,0.957235
2025,8,0.896639,0.032156,0.007483,0.021408,0.013291,0.018522,0.868365,0.916329
2025,9,0.860060,0.032047,0.008243,0.021393,0.013366,0.017966,0.830776,0.879672
2025,10,0.792279,0.032899,0.008004,0.021240,0.013517,0.019606,0.763665,0.812721
2025,11,0.739602,0.036757,0.008113,0.024026,0.014048,0.022598,0.710178,0.760599
2025,12,0.753277,0.035117,0.008397,0.023315,0.013811,0.020696,0.724704,0.776367
2026,1,0.800063,0.035053,0.008480,0.024820,0.014695,0.018023,0.767962,0.823082
2026,2,0.838277,0.034984,0.008258,0.024191,0.014677,0.018843,0.805972,0.859985
2026,3,0.871165,0.037164,0.008320,0.024322,0.014242,0.022750,0.839998,0.892228
2026,4,0.953851,0.035631,0.008470,0.024633,0.014299,0.019663,0.922978,0.975357
2026,5,0.907347,0.034830,0.008608,0.022940,0.013842,0.020523,0.878229,0.928062
2026,6,0.976014,0.033309,0.008251,0.023470,0.013797,0.017328,0.948012,0.998607
2026,7,1.050514,0.033729,0.008396,0.023580,0.013529,0.018113,1.024581,1.073214
2026,8,1.138532,0.033475,0.007888,0.021735,0.013205,0.020287,1.112156,1.159933

